196|242|1|881250949
186|302|1|891717742
22|377|-5|878887116
244|51|-3|880606923
166|346|-5|886397596
298|474|3|884182806
115|265|-3|881171488
253|465|5|891628467
305|451|1|886324817
6|86|1|883603013
62|257|-3|879372434
286|1014|5|879781125
200|222|5|876042340
210|40|1|891035994
224|29|1|888104457
303|785|1|879485318
122|387|5|879270459
194|274|-3|879539794
291|1042|3|874834944
234|1184|-3|892079237
119|392|3|886176814
167|486|3|892738452
299|144|3|877881320
291|118|-3|874833878
308|1|3|887736532
95|546|-3|879196566
38|95|5|892430094
102|768|-3|883748450
63|277|3|875747401
160|234|5|876861185
50|246|1|877052329
301|98|3|882075827
225|193|3|879539727
290|88|3|880731963
97|194|1|884238860
157|274|3|886890835
181|1081|-5|878962623
278|603|5|891295330
276|796|-5|874791932
7|32|3|891350932
10|16|3|877888877
284|304|3|885329322
201|979|-3|884114233
276|564|1|874791805
287|327|5|875333916
246|201|5|884921594
242|1137|5|879741196
249|241|5|879641194
99|4|5|886519097
178|332|1|882823437
251|100|3|886271884
81|432|-3|876535131
260|322|3|890618898
25|181|5|885853415
59|196|5|888205088
72|679|-3|880037164
87|384|3|879877127
290|143|5|880474293
42|423|5|881107687
292|515|3|881103977
115|20|1|881171009
20|288|-5|879667584
201|219|3|884112673
13|526|1|882141053
246|919|3|884920949
138|26|5|879024232
167|232|-5|892738341
60|427|5|883326620
57|304|5|883698581
223|274|3|891550094
189|512|3|893277702
243|15|1|879987440
92|1049|-5|890251826
246|416|1|884923047
194|165|3|879546723
241|690|-3|887249482
178|248|3|882823954
254|1444|1|886475558
293|5|1|888906576
127|229|5|884364867
225|237|5|879539643
299|229|1|878192429
225|480|5|879540748
276|54|1|874791025
291|144|5|874835091
222|366|3|878183381
267|518|5|878971773
42|403|1|881108684
11|111|3|891903862
95|625|3|888954412
8|338|3|879361873
162|25|3|877635573
87|1016|3|879876194
279|154|5|875296291
145|275|-3|885557505
119|1153|5|874781198
62|498|3|879373848
62|382|1|879375537
28|209|3|881961214
135|23|3|879857765
32|294|1|883709863
90|382|5|891383835
286|208|3|877531942
293|685|1|888905170
216|144|3|880234639
166|328|5|886397722
250|496|3|878090499
271|132|5|885848672
160|174|5|876860807
265|118|3|875320714
198|498|1|884207492
42|96|5|881107178
168|151|5|884288058
110|307|3|886987260
58|144|3|884304936
90|648|3|891384754
271|346|3|885844430
62|21|1|879373460
279|832|1|881375854
237|514|3|879376641
94|789|3|891720887
128|485|1|879966895
298|317|3|884182806
44|195|5|878347874
264|200|5|886122352
194|385|-3|879524643
72|195|5|880037702
222|750|5|883815120
250|264|1|878089182
41|265|1|890687042
224|245|1|888082216
82|135|1|878769629
262|1147|3|879791710
293|471|1|888904884
216|658|1|880245029
250|140|1|878092059
59|23|5|888205300
286|379|5|877533771
244|815|3|880605185
7|479|3|891352010
174|368|-5|886434402
87|274|3|879876734
194|1211|-3|879551380
82|1134|-3|884714402
13|836|-3|882139746
13|272|3|884538403
244|756|-3|880605157
305|427|5|886323090
95|787|-3|888954930
43|14|-3|883955745
299|955|3|889502823
57|419|1|883698454
84|405|1|883452363
269|504|3|891449922
299|111|1|877878184
194|466|3|879525876
160|135|3|876860807
99|268|1|885678247
10|486|3|877886846
259|117|3|874724988
85|427|1|879456350
303|919|3|879467295
213|273|5|878870987
121|514|1|891387947
90|98|5|891383204
49|559|-3|888067405
42|794|1|881108425
155|323|-3|879371261
68|117|3|876973939
172|177|3|875537965
19|4|3|885412840
268|231|3|875744136
5|2|1|875636053
305|117|-3|886324028
44|294|3|883612356
43|137|3|875975656
279|1336|-5|875298353
80|466|5|887401701
254|164|3|886472768
298|281|1|884183336
279|1240|-5|892174404
66|298|3|883601324
18|443|1|880130193
268|1035|-3|875542174
99|79|3|885680138
13|98|3|881515011
26|258|1|891347949
7|455|3|891353086
222|755|3|878183481
200|673|5|884128554
119|328|3|876923913
213|172|5|878955442
276|322|1|874786392
94|1217|1|891723086
130|379|3|875801662
38|328|3|892428688
160|719|1|876857977
293|1267|1|888906966
26|930|-3|891385985
130|216|3|875216545
92|1079|1|886443455
256|452|3|882164999
1|61|3|878542420
72|48|3|880036718
56|755|1|892910207
13|360|3|882140926
15|405|-3|879455957
92|77|1|875654637
207|476|-3|884386343
292|174|5|881105481
232|483|5|888549622
251|748|-3|886272175
224|26|1|888104153
181|220|3|878962392
259|255|3|874724710
305|471|3|886323648
52|280|1|882922806
161|202|5|891170769
148|408|5|877399018
125|235|-3|892838559
97|228|5|884238860
58|1098|3|884304936
83|234|3|887665548
90|347|3|891383319
272|178|5|879455113
194|181|1|879521396
125|478|3|879454628
110|688|-5|886987605
299|14|3|877877775
151|10|5|879524921
269|127|3|891446165
6|14|5|883599249
54|106|1|880937882
303|69|5|879467542
16|944|-5|877727122
301|790|3|882078621
276|1091|1|874793035
305|214|-3|886323068
194|1028|-3|879541148
91|323|-3|891438397
87|554|3|879875940
294|109|3|877819599
286|171|3|877531791
200|318|5|884128458
229|328|-5|891632142
178|568|3|882826555
303|842|-3|879484804
62|65|3|879374686
207|591|1|876018608
92|172|3|875653271
301|401|3|882078040
36|339|5|882157581
70|746|1|884150257
63|242|1|875747190
28|201|1|881961671
279|68|3|875307407
250|7|3|878089716
14|98|1|890881335
299|1018|1|889502324
194|54|1|879525876
303|815|1|879485532
119|237|5|874775038
295|218|5|879966498
268|930|-3|875742942
268|2|-3|875744173
66|258|3|883601089
233|202|5|879394264
83|623|3|880308578
214|334|1|891542540
192|476|-3|881368243
100|344|3|891374868
268|145|-5|875744501
301|56|3|882076587
307|89|5|879283786
234|141|1|892334609
83|576|3|880308755
181|264|-3|878961624
297|133|3|875240090
38|153|5|892430369
7|382|3|891352093
264|813|3|886122952
181|872|-5|878961814
201|146|-5|884140579
85|507|3|879456199
269|367|1|891450023
59|468|1|888205855
286|143|3|889651549
193|96|-5|889124507
113|595|5|875936424
292|11|5|881104093
130|1014|1|876250718
275|98|3|875155140
189|520|5|893265380
219|82|-5|889452455
218|209|5|877488546
123|427|1|879873020
119|222|5|874775311
158|177|3|880134407
222|118|3|877563802
302|322|-3|879436875
279|501|1|875308843
301|79|5|882076403
181|3|-3|878963441
201|695|-5|884140115
13|198|1|881515193
1|189|1|888732928
145|237|5|875270570
23|385|3|874786462
201|767|3|884114505
296|705|5|884197193
42|546|1|881105817
33|872|1|891964230
301|554|1|882078830
16|64|5|877720297
95|135|1|879197562
154|357|3|879138713
77|484|5|884733766
296|508|5|884196584
302|303|-3|879436785
244|673|1|880606667
222|77|3|878183616
13|215|5|882140588
16|705|5|877722736
270|452|3|876956264
145|15|-3|875270655
187|64|5|879465631
200|304|5|876041644
170|749|5|887646170
101|829|1|877136138
184|218|1|889909840
128|204|3|879967478
181|1295|-5|878961781
184|153|1|889911285
1|33|3|878542699
1|160|3|875072547
184|321|5|889906967
54|595|1|880937813
94|343|3|891725009
128|508|3|879967767
23|323|-3|874784266
301|227|1|882077222
301|191|1|882075672
112|903|-5|892440172
82|183|1|878769848
222|724|1|878181976
218|430|1|877488316
308|1197|3|887739521
303|134|5|879467959
133|751|1|890588547
215|212|-3|891435680
69|256|5|882126156
254|662|3|887347350
276|2|3|874792436
104|984|-5|888442575
63|1067|1|875747514
267|410|3|878970785
13|56|5|881515011
240|879|1|885775745
286|237|-3|875806800
294|271|5|889241426
90|1086|3|891384424
18|26|3|880129731
92|229|1|875656201
308|649|3|887739292
144|89|1|888105691
191|302|3|891560253
59|951|1|888206409
200|96|5|884129409
16|197|5|877726146
61|678|1|892302309
271|199|3|885848448
271|709|1|885849325
142|169|5|888640356
275|597|1|876197678
222|151|1|878182109
87|40|1|879876917
207|258|3|877879172
272|1393|-3|879454663
177|333|3|880130397
207|1115|-3|879664906
299|577|1|889503806
271|378|3|885849447
305|425|3|886324486
49|959|-3|888068912
94|1224|1|891722802
130|1017|1|874953895
10|175|1|877888677
203|321|1|880433418
191|286|3|891560842
43|323|1|875975110
21|558|5|874951695
197|96|5|891409839
13|344|-3|888073635
194|66|1|879527264
234|206|3|892334543
308|402|3|887740700
308|640|3|887737036
269|522|5|891447773
94|265|3|891721889
268|62|1|875310824
272|12|5|879455254
121|291|1|891390477
296|20|5|884196921
134|286|1|891732334
180|462|5|877544218
234|612|1|892079140
104|117|-3|888465972
38|758|-5|892434626
269|845|-5|891456255
7|163|3|891353444
234|1451|1|892078343
275|405|-3|876197645
52|250|1|882922661
102|823|1|888801465
13|186|3|890704999
178|731|3|882827532
236|71|1|890116671
256|781|5|882165296
263|176|5|891299752
244|186|1|880605697
279|1181|3|875314001
43|815|3|883956189
83|78|-3|880309089
151|197|5|879528710
254|436|-3|886474216
109|631|1|880579371
297|716|1|875239422
249|188|3|879641067
144|699|3|888106106
301|604|3|882075994
64|392|1|889737542
92|501|-3|875653665
222|97|3|878181739
268|436|1|875310745
293|135|5|888905550
213|173|5|878955442
160|460|-3|876861185
13|498|3|882139901
59|715|5|888205921
5|17|3|875636198
125|163|5|879454956
174|315|5|886432749
114|505|1|881260203
213|515|3|878870518
23|196|-3|874786926
128|15|3|879968827
239|56|3|889179478
181|279|-5|878962955
291|80|3|875086354
250|238|3|878089963
201|649|1|884114275
60|60|5|883327734
181|325|-3|878961814
119|407|1|887038665
287|1|5|875334088
216|228|1|880245642
216|531|3|880233810
203|471|3|880434463
92|587|1|875660408
13|892|1|882774224
213|176|3|878956338
286|288|5|875806672
117|1047|-3|881009697
99|111|-5|885678886
11|558|1|891904214
65|47|-3|879216672
295|194|3|879517412
269|217|-3|891451610
85|259|-3|881705026
250|596|5|878089921
137|144|5|881433689
201|960|-3|884112077
257|137|3|882049932
111|328|3|891679939
91|480|3|891438875
215|211|3|891436202
181|938|-5|878961586
189|1060|5|893264301
1|20|3|887431883
303|404|3|879468375
299|305|1|879737314
187|210|3|879465242
222|278|-3|877563913
214|568|3|892668197
293|770|1|888906655
285|191|3|890595859
303|252|1|879544791
96|156|3|884402860
72|1110|1|880037334
115|1067|3|881171009
7|430|1|891352178
116|350|1|886977926
73|480|3|888625753
269|246|5|891457067
263|419|5|891299514
70|431|1|884150257
221|475|3|875244204
72|182|5|880036515
25|357|3|885852757
290|50|5|880473582
189|526|3|893266205
299|303|1|877618584
264|294|1|886121516
200|365|5|884129962
187|135|3|879465653
184|187|3|889909024
63|289|-3|875746985
13|229|3|882397650
298|486|1|884183063
235|185|3|889655435
62|712|3|879376178
246|94|-3|884923505
54|742|5|880934806
63|762|1|875747688
11|732|1|891904596
92|168|3|875653723
8|550|1|879362356
307|174|3|879283480
303|200|3|879468459
256|849|-3|882164603
72|54|1|880036854
164|406|-3|889402389
117|150|3|880125101
224|77|3|888103872
193|869|1|889127811
94|184|-3|891720862
281|338|-3|881200457
130|109|1|874953794
128|371|-5|879966954
94|720|-5|891723593
182|845|1|885613067
129|873|-5|883245452
254|229|3|886474580
64|381|3|879365491
151|176|-3|879524293
45|25|3|881014015
193|879|1|889123257
276|922|3|889174849
276|57|1|874787526
234|187|3|892079140
181|306|-5|878962006
21|370|-5|874951293
293|249|1|888905229
264|721|5|886123656
10|611|5|877886722
197|346|1|891409070
276|142|1|874792945
308|427|3|887736584
221|943|3|875246759
131|126|3|883681514
268|824|-3|876518557
109|8|1|880572642
198|58|1|884208173
230|680|3|880484286
181|741|-5|878962918
192|1061|3|881368891
234|448|1|892335501
90|900|3|891382309
193|941|3|889124890
128|603|5|879966839
126|905|-3|887855283
244|265|3|880606634
90|289|1|891382310
157|25|1|886890787
305|71|1|886323684
119|382|5|874781742
21|222|-3|874951382
231|181|3|888605273
280|508|1|891700453
288|132|1|886374129
279|1497|-3|890780576
301|33|3|882078228
72|699|1|880036783
90|259|-3|891382392
308|55|1|887738760
59|742|1|888203053
94|744|3|891721462
130|642|3|875216933
26|1015|1|891352136
56|121|5|892679480
82|508|-3|884714249
62|12|3|879373613
276|40|1|874791871
181|1015|-5|878963121
152|301|1|880147407
178|845|3|882824291
217|597|3|889070087
79|303|3|891271203
138|484|3|879024127
308|81|5|887737293
75|284|-3|884050393
269|198|3|891447062
307|94|1|877122695
222|781|1|881059677
121|740|1|891390544
269|22|-5|891448072
13|864|3|882141924
230|742|5|880485043
269|507|3|891448800
239|1099|5|889179253
245|1028|5|888513447
56|546|1|892679460
295|961|5|879519556
271|1028|-3|885848102
222|812|-3|881059117
69|240|1|882126156
10|7|3|877892210
22|376|1|878887112
294|931|1|889242857
82|717|-5|884714492
279|399|3|875313859
269|234|-5|891449406
6|98|5|883600680
243|1039|3|879988184
298|181|3|884125629
282|325|-5|881703044
78|323|-5|879633567
118|200|5|875384647
283|1114|5|879297545
171|292|3|891034835
70|217|3|884151119
10|100|5|877891747
245|181|3|888513664
107|333|1|891264267
246|561|-5|884923445
13|901|-5|883670672
276|70|3|874790826
244|17|-3|880607205
189|56|5|893265263
226|242|5|883888671
62|1016|3|879373008
276|417|3|874792907
214|478|3|891544052
306|235|3|876504354
222|26|1|878183043
280|631|5|891700751
60|430|5|883326122
56|71|3|892683275
42|274|5|881105817
1|202|5|875072442
13|809|3|882397582
173|289|3|877556988
15|749|-5|879455311
185|23|3|883524249
280|540|1|891702304
244|381|3|880604077
150|293|3|878746946
7|497|3|891352134
178|317|3|882826915
178|742|1|882823833
95|1217|1|880572658
234|1462|1|892333865
97|222|5|884238887
109|127|-3|880563471
117|268|5|880124306
269|705|-3|891448850
130|1246|1|876252497
264|655|3|886123530
207|13|1|875506839
42|588|5|881108147
246|409|-3|884923372
87|367|3|879876702
101|304|1|877135677
256|127|3|882164406
92|794|1|875654798
181|762|-3|878963418
213|235|-5|878955115
92|739|-3|876175582
292|661|5|881105561
246|665|3|884922831
274|845|5|878945579
188|692|5|875072583
18|86|3|880129731
5|439|-5|878844423
236|632|1|890116254
193|407|3|889127921
144|709|3|888105940
90|1198|5|891383866
48|609|3|879434819
5|225|-3|875635723
22|128|5|878887983
311|432|3|884365485
8|22|5|879362183
276|188|3|874792547
222|173|5|878183043
72|866|3|880035887
299|134|3|878192311
1|171|5|889751711
308|295|1|887741461
165|216|3|879525778
222|49|1|878183512
181|121|3|878962623
200|11|5|884129542
234|626|3|892336358
244|707|3|880606243
90|25|5|891384789
208|216|5|883108324
263|96|3|891298336
134|323|3|891732335
279|586|3|892864663
2|292|3|888550774
288|593|-3|886892127
49|302|3|888065432
286|153|5|877531406
205|304|1|888284313
22|80|3|878887227
234|318|3|892078890
223|328|1|891548959
15|25|1|879456204
268|147|3|876514002
94|1220|1|891722678
274|405|3|878945840
7|492|5|891352010
268|217|-3|875744501
16|55|5|877717956
164|620|1|889402298
290|161|3|880474293
92|515|3|875640800
239|1070|5|889179032
56|449|5|892679308
248|234|3|884534968
234|10|1|891227851
280|1049|-3|891702486
308|187|5|887738760
276|64|5|874787441
192|948|1|881368302
122|509|3|879270511
85|588|1|880838306
262|931|-3|879790874
201|272|1|886013700
181|870|-3|878962623
295|739|3|879518319
263|568|3|891299387
295|39|3|879518279
201|1100|3|884112800
93|820|1|888705966
159|1028|5|880557539
158|665|-3|880134532
293|423|1|888906070
82|597|1|878768882
276|181|5|874786488
13|823|5|882397833
217|2|1|889069782
83|660|3|880308256
189|20|5|893264466
222|796|3|878183684
146|1022|5|891458193
267|121|1|878970681
126|294|1|887855087
181|1060|-5|878962675
125|80|3|892838865
43|120|3|884029430
13|780|-5|882142057
253|259|-3|891628883
42|44|1|881108548
77|518|3|884753202
291|686|5|874835165
268|21|1|875742822
262|28|1|879792220
234|81|1|892334680
29|245|1|882820803
236|57|5|890116575
158|729|1|880133116
156|661|3|888185947
232|52|5|888550130
168|866|5|884287927
37|288|3|880915258
141|245|1|884584426
235|230|3|889655162
102|70|1|888803537
77|172|1|884752562
90|506|5|891383319
186|566|5|879023663
44|660|5|878347915
118|774|5|875385198
7|661|5|891351624
49|1003|-3|888068651
62|68|-5|879374969
42|1028|3|881106072
178|433|3|882827834
85|51|-3|879454782
77|474|5|884732407
58|1099|-3|892243079
56|1047|3|892911290
197|688|-5|891409564
286|99|3|878141681
90|258|1|891382121
181|1288|-5|878962349
295|190|3|879517062
224|69|3|888082495
272|317|3|879454977
221|1010|1|875246662
66|877|-5|883601089
207|318|5|877124871
234|487|1|892079237
7|648|5|891351653
87|82|5|879875774
195|1052|-5|877835102
44|449|5|883613334
306|287|3|876504442
194|172|1|879521474
94|62|1|891722933
167|659|3|892738277
108|100|3|879879720
230|304|5|880484286
181|927|-5|878962675
54|302|3|880928519
90|22|3|891384357
181|696|-3|878962997
286|357|3|877531537
14|269|3|892242403
311|179|-3|884365357
92|121|5|875640679
21|440|-5|874951798
244|550|-5|880602264
181|405|3|878962919
65|806|3|879216529
37|540|-3|880916070
44|443|5|878348289
244|183|3|880606043
1|265|3|878542441
270|25|5|876954456
299|387|-3|889502756
94|572|1|891723883
286|746|3|877533058
239|272|5|889181247
216|55|5|880245145
254|121|1|886472369
62|665|-3|879376483
178|385|3|882826982
194|23|3|879522819
268|955|1|875745160
188|143|5|875072674
276|294|3|874786366
158|1098|3|880135069
207|845|1|881681663
161|48|-5|891170745
305|654|3|886323937
47|324|1|879439078
64|736|3|889739212
191|751|1|891560753
7|378|5|891353011
59|92|5|888204997
69|268|5|882027109
10|461|1|877888944
21|129|3|874951382
58|9|3|884304328
194|152|1|879549996
7|200|5|891353543
113|126|5|875076827
173|328|5|877557028
95|233|3|879196354
16|194|5|877720733
59|323|3|888206809
311|654|1|884365075
292|589|3|881105516
43|203|3|883955224
79|50|3|891271545
235|70|5|889655619
125|190|5|892836309
284|322|1|885329671
303|161|5|879468547
254|378|1|886474396
255|1034|-5|883217030
104|301|-3|888442275
90|923|5|891383912
6|463|3|883601713
279|122|-5|875297433
286|298|3|875807004
222|448|1|878183565
297|57|5|875239383
42|625|1|881108873
130|1217|3|875801778
254|357|1|886472466
109|475|-5|880563641
230|1444|-3|880485726
244|310|1|880601905
6|301|-3|883600406
36|748|3|882157285
256|443|1|882164727
102|515|-5|888801316
104|285|3|888465201
21|447|5|874951695
111|301|3|891680028
18|408|5|880129628
25|222|3|885852817
110|944|1|886989501
270|98|5|876955868
68|237|5|876974133
83|215|3|880307940
6|258|-3|883268278
89|216|5|879459859
128|317|3|879968029
305|512|3|886323525
184|412|-3|889912691
286|175|5|877532470
279|1428|1|888465209
256|86|5|882165103
221|48|5|875245462
140|332|1|879013617
190|977|-3|891042938
11|227|1|891905896
201|203|5|884114471
150|181|5|878746685
126|245|1|887854726
20|208|-3|879669401
144|742|3|888104122
181|930|-5|878963275
109|566|3|880578814
85|1065|1|879455021
213|133|1|878955973
222|379|-5|878184290
223|11|1|891550649
215|421|3|891435704
218|208|1|877488366
174|937|5|886432989
275|186|1|880314383
68|742|-5|876974198
268|583|3|876513830
160|462|3|876858346
195|273|3|878019342
224|178|3|888082468
5|110|-5|875636493
99|1016|5|885678724
2|251|5|888552084
292|9|3|881104148
72|568|3|880037203
85|228|1|882813248
83|281|5|880307072
92|831|-3|886443708
7|543|1|891351772
87|401|-3|879876813
287|926|3|875334340
1|155|-3|878542201
234|632|-3|892079538
222|53|5|878184113
24|64|5|875322758
7|554|1|891354639
82|56|1|878769410
161|318|1|891170824
196|393|3|881251863
56|91|3|892683275
82|477|1|876311344
7|472|-3|891353357
256|761|3|882164644
226|56|3|883889102
279|741|5|875296891
308|1286|1|887738151
16|8|5|877722736
180|202|1|877128388
203|93|3|880434940
145|56|5|875271896
288|305|3|886372527
84|742|1|883450643
44|644|1|878347818
17|13|1|885272654
313|117|3|891015319
148|1|3|877019411
197|347|3|891409070
21|164|5|874951695
279|982|1|875298314
239|491|5|889181015
185|287|5|883526288
297|89|3|875239125
303|68|3|879467361
186|250|-5|879023607
73|206|1|888625754
104|756|-3|888465739
94|216|1|885870665
239|194|5|889178833
197|511|5|891409839
280|1|3|891700426
1|117|1|874965739
224|583|-5|888103729
303|397|-5|879543831
60|162|3|883327734
198|258|3|884204501
239|513|5|889178887
6|69|1|883601277
233|375|3|876374419
85|642|3|882995615
110|38|1|886988574
184|522|1|889908462
99|873|-5|885678436
13|418|-3|882398763
201|518|3|884112201
13|858|-5|882397068
214|131|1|891544465
296|228|3|884197264
222|87|1|878182589
279|725|3|875314144
217|182|-3|889070109
85|433|1|879828720
239|234|1|889178762
13|72|3|882141727
194|77|1|879527421
208|663|5|883108476
109|178|1|880572950
230|172|3|880484523
59|485|-3|888204466
313|478|1|891014373
70|1133|1|884151344
62|182|5|879375169
198|234|1|884207833
65|125|3|879217509
174|660|5|886514261
90|12|5|891383241
130|1248|1|880396702
100|354|-3|891375260
283|432|5|879297965
275|418|1|875154718
311|98|5|884364502
195|751|3|883295500
130|105|3|876251160
269|252|-5|891456350
286|73|5|877532965
7|623|1|891354217
56|222|5|892679439
210|204|5|887730676
239|9|5|889180446
96|87|3|884403531
297|73|-3|875239691
249|239|1|879572284
94|860|-3|891723706
84|121|3|883452307
275|265|3|880314031
135|1046|1|879858003
291|1178|3|875086354
125|382|-5|892836623
70|399|3|884068521
311|9|3|884963365
301|523|3|882076146
152|685|5|880149074
244|172|3|880605665
275|1091|-3|875154535
53|281|3|879443288
198|118|-3|884206513
244|790|3|880608037
26|125|3|891371676
151|13|1|879542688
124|496|-5|890286933
24|191|5|875323003
271|65|1|885849419
307|634|1|879283385
294|1245|1|877819265
234|241|-3|892335042
25|501|1|885852301
293|137|1|888904653
201|432|1|884111312
75|240|-5|884050661
13|181|5|882140354
207|68|-3|877125350
2|50|5|888552084
313|566|3|891016220
144|125|3|888104191
188|443|3|875074329
276|324|3|874786419
145|974|-5|882182634
72|234|3|880037418
83|385|3|887665549
181|619|1|878963086
109|402|3|880581344
207|107|1|876198301
185|216|3|883526268
14|213|5|890881557
149|319|-3|883512658
57|79|5|883698495
230|963|5|880484370
176|875|3|886047442
253|97|3|891628501
284|269|3|885328991
106|526|3|881452685
121|180|1|891388286
62|86|-3|879374640
291|418|3|875086920
84|1033|3|883452711
293|380|-3|888907527
207|58|1|875991047
194|187|3|879520813
109|97|1|880578711
283|845|3|879297442
297|275|5|874954260
181|334|-5|878961749
78|255|3|879633745
11|425|3|891904300
308|59|3|887737647
193|1078|3|889126943
297|234|1|875239018
87|585|3|879877008
250|204|-3|878091682
8|50|5|879362124
186|148|3|891719774
312|692|3|891699426
91|683|1|891438351
5|454|-5|875721432
291|376|1|875086534
175|127|5|877107640
145|737|-3|875272833
7|644|5|891351685
276|419|5|874792907
83|210|5|880307751
102|524|1|888803537
153|174|-5|881371140
62|302|1|879371909
49|995|1|888065577
268|298|1|875742647
207|554|-3|877822854
313|616|5|891015049
286|44|1|877532173
279|168|5|875296435
276|474|5|889174904
62|59|3|879373821
254|219|-5|886475980
83|97|3|880308690
63|100|5|875747319
16|178|5|877719333
297|233|-3|875239914
90|945|5|891383866
85|25|-3|879452769
42|98|3|881106711
303|393|3|879484981
274|50|5|878944679
104|299|1|888442436
94|792|3|885873006
184|98|3|889908539
293|708|1|888907527
248|589|3|884534968
18|950|1|880130764
217|27|-5|889070011
200|892|3|884127082
201|148|-5|884140751
296|222|5|884196640
7|662|1|892133739
196|381|3|881251728
69|427|1|882145465
72|196|3|880036747
256|472|3|882152471
128|182|3|879967225
151|747|1|879524564
7|171|1|891351287
286|85|5|877533224
172|220|3|875537441
308|516|3|887736743
190|974|-3|891625949
82|756|-5|878768741
308|436|3|887739257
59|235|-5|888203658
64|1063|1|889739539
145|756|-3|885557506
220|298|3|881198966
21|324|3|874950889
285|269|3|890595313
207|65|1|878104594
198|658|1|884208173
220|333|1|881197771
210|70|3|887730589
181|14|-5|878962392
158|128|-3|880134296
143|682|1|888407741
75|237|-3|884050309
199|221|3|883782854
223|1150|-3|891549841
297|25|3|874954497
276|78|3|877934828
299|847|3|877877649
293|325|-3|888904353
301|138|-3|882079446
1|47|3|875072125
164|281|3|889401906
96|673|3|884402860
291|1016|3|874833827
7|451|5|891353892
233|177|3|877661496
6|517|3|883602212
202|283|1|879727153
214|117|3|891543241
184|602|3|889909691
277|257|1|879543487
194|212|-5|879524216
95|68|3|879196231
25|257|3|885853415
6|23|3|883601365
38|573|-5|892433660
313|436|3|891029877
22|241|1|878888025
262|617|1|879793715
130|569|1|880396494
66|181|5|883601425
21|948|-5|874951054
181|1332|-5|878962278
262|174|1|879791948
206|302|5|888180227
222|22|5|878183285
76|61|3|875028123
151|703|3|879542460
314|28|5|877888346
13|147|1|882397502
44|258|3|878340824
303|418|3|879483510
16|89|-3|877717833
270|558|5|876954927
248|117|5|884535433
125|318|5|879454309
138|523|5|879024043
268|386|-3|875743978
291|15|5|874833668
234|147|1|892335372
239|96|5|889178798
15|331|1|879455166
94|155|-3|891723807
136|89|3|882848925
223|423|1|891550684
82|194|3|878770027
145|355|1|888396967
280|845|1|891700925
179|339|-5|892151366
178|199|3|882826306
307|949|3|877123315
10|488|5|877888613
116|331|1|876451911
23|258|5|876785704
308|174|3|887736696
185|114|3|883524320
188|237|1|875073648
118|654|5|875385007
246|721|3|884921794
234|98|3|892078567
194|239|1|879522917
94|24|3|885873423
122|378|3|879270769
312|100|3|891698613
262|64|5|879793022
154|242|1|879138235
223|763|1|891550067
99|403|3|885680374
83|43|3|880308690
130|307|3|877984546
174|402|5|886513729
256|487|5|882164231
59|177|3|888204349
161|168|-5|891171174
244|53|1|880607489
250|196|3|878091818
43|40|1|883956468
285|150|5|890595636
42|953|-3|881108815
97|670|5|884239744
122|510|3|879270327
61|323|1|891206450
222|106|-3|883816184
4|264|1|892004275
304|259|-5|884967253
37|403|5|880915942
49|68|-5|888069513
303|1098|3|879467959
165|372|5|879525987
176|324|5|886047292
3|335|-5|889237269
56|869|1|892683895
44|15|3|878341343
190|117|3|891033697
29|189|3|882821942
94|174|3|885870231
130|949|1|876251944
117|181|5|880124648
303|779|-5|879543418
19|435|5|885412840
194|191|3|879521856
158|24|3|880134261
56|447|3|892679067
262|223|1|879791816
181|1334|-5|878962240
214|137|3|891543227
92|747|3|875656164
188|96|5|875073128
58|173|5|884305353
244|154|5|880606385
134|879|3|891732393
298|625|3|884183406
254|230|3|886472400
230|138|1|880485197
16|209|5|877722736
151|835|5|879524199
181|1327|-5|878963305
145|1248|1|875272195
200|588|5|884128499
248|257|1|884535840
297|432|3|875239658
312|133|5|891699296
151|12|5|879524368
110|568|1|886988449
305|483|5|886323068
141|258|5|884584338
44|240|3|878346997
186|263|1|879023571
214|213|3|891544414
233|208|3|880610814
104|287|-3|888465347
312|153|-3|891699491
1|222|3|878873388
206|323|-5|888179833
230|419|3|880484587
56|450|1|892679374
94|651|5|891725332
205|316|3|888284710
14|174|5|890881294
268|790|-3|876513785
276|1081|1|880913705
83|929|1|880307140
268|580|1|875309344
222|1041|1|881060155
279|89|3|875306910
5|424|-5|875635807
112|331|3|884992603
296|429|5|884197330
18|202|1|880130515
13|868|5|882139901
87|210|5|879875734
10|285|5|877889186
181|328|1|878961227
23|463|3|874785843
253|746|1|891628630
234|228|1|892079190
299|1047|-3|877880041
66|1|1|883601324
216|174|5|881432488
290|208|1|880475245
79|1161|-3|891271697
264|448|-3|886122031
4|303|5|892002352
144|831|1|888104805
138|517|3|879024279
64|433|-3|889740286
5|1|3|875635748
276|357|5|874787526
62|433|5|879375588
239|475|5|889178689
293|166|1|888905520
130|234|5|875216932
264|70|3|886123596
208|197|5|883108797
24|763|5|875322875
279|1162|1|875314334
3|245|-5|889237247
101|596|1|877136564
162|1019|3|877636556
223|908|-5|891548802
99|246|1|888469392
239|430|1|889180338
160|160|5|876862078
172|580|3|875538028
303|1160|-3|879544629
54|676|5|880935294
44|507|1|878347392
210|97|5|887736454
164|930|3|889402340
299|240|-3|877878414
28|217|1|881961671
305|79|1|886324276
18|729|1|880131236
82|343|-5|884713755
109|1012|3|880564570
207|25|3|876079113
92|1209|-5|875660468
109|1|3|880563619
15|222|1|879455730
58|709|5|884304812
303|693|3|879466771
152|111|5|880148782
194|160|-3|879551380
92|241|1|875655961
77|91|1|884752924
244|662|1|880606533
177|321|-3|880130481
131|221|1|883681561
197|302|1|891409070
227|50|3|879035347
85|282|1|879829618
295|72|3|879518714
181|1|1|878962392
277|255|3|879544145
279|96|3|875310606
1|253|5|874965970
18|182|3|880130640
276|568|3|882659211
87|177|5|879875940
177|69|-5|880131088
213|13|3|878955139
125|134|5|879454532
128|739|3|879969349
291|428|5|874871766
25|208|3|885852337
288|272|5|889225463
207|1350|-3|877878772
271|56|1|885848559
5|363|1|875635225
274|748|5|878944406
70|419|5|884065035
311|559|-3|884366187
151|919|5|879524368
199|268|5|883782509
201|209|1|884112801
99|274|-5|885679157
11|740|3|891903067
59|77|3|888206254
184|277|1|889907971
222|88|3|878183336
38|161|5|892432062
59|418|-3|888205188
104|300|1|888442275
298|1346|1|884126061
180|1119|1|877128156
7|674|-3|891352659
121|14|5|891390014
268|1041|-5|875743735
252|277|3|891456797
303|411|3|879483802
210|527|5|887736232
234|648|1|892826760
312|573|5|891712535
308|215|1|887737483
234|1397|3|892334976
75|546|1|884050422
117|15|5|880125887
246|239|1|884921380
64|516|5|889737376
85|187|5|879454235
239|81|1|889179808
59|54|3|888205921
256|220|1|882151690
216|196|5|880245145
203|282|-5|880434919
13|195|1|881515296
144|153|5|888105823
100|268|1|891374982
210|274|5|887730676
94|471|3|891721642
13|807|-5|886304229
125|657|1|892836422
65|1142|3|879217349
1|113|5|878542738
76|175|3|875028853
294|508|3|877819532
263|1451|3|891299949
294|930|1|889242704
121|117|-5|891388600
85|13|1|879452866
303|426|1|879542535
212|180|-5|879303974
6|492|5|883601089
181|240|-5|878963122
279|746|5|875310233
303|1109|3|879467936
184|191|3|889908716
310|116|5|879436104
313|22|1|891014870
314|1150|3|877887002
13|121|5|882397503
43|5|3|875981421
58|214|-3|884305296
215|164|1|891436633
62|288|-3|879371909
280|127|5|891702544
161|898|1|891170191
11|723|5|891904637
94|218|1|891721851
35|243|-3|875459046
311|566|3|884366112
48|680|1|879434330
85|604|3|882995132
288|527|1|886373565
184|514|5|889908497
151|929|1|879543457
90|690|3|891383319
11|38|1|891905936
104|1016|-5|888466002
106|582|3|881451199
181|1010|-5|878962774
37|117|3|880915674
276|845|3|874786807
22|258|5|878886261
70|82|3|884068075
5|98|1|875720691
308|95|3|887737130
60|208|5|883326028
270|778|5|876955711
243|208|3|879989134
92|540|-3|875813197
81|280|3|876534214
293|412|-5|888905377
200|478|5|884128788
13|308|1|881514726
56|184|3|892679088
116|250|3|876452606
295|172|3|879516986
63|1007|5|875747368
295|235|3|879517943
104|1010|-5|888465554
156|641|5|888185677
269|1165|-5|891446904
160|430|5|876861799
237|191|3|879376773
287|252|-5|875334361
290|132|1|880473993
45|109|5|881012356
224|678|1|888082277
145|764|-3|888398257
277|1011|1|879543697
65|100|1|879217558
272|1101|5|879454977
116|255|1|876452524
184|86|5|889908694
285|151|5|890595636
222|148|-3|881061164
72|28|3|880036824
271|187|5|885848343
94|211|5|891721142
246|425|5|884921918
115|8|5|881171982
176|327|1|886047176
13|396|1|882141727
129|331|-3|883244737
257|1260|-3|880496892
95|1|5|879197329
147|904|5|885594015
151|58|3|879524849
184|660|1|889909962
311|386|1|884365747
105|268|3|889214268
158|510|1|880134296
34|312|3|888602742
72|427|5|880037702
263|416|5|891299697
94|1048|3|891722678
200|291|1|891825292
45|118|3|881014550
279|144|3|880850073
145|22|5|875273021
71|89|5|880864462
182|69|5|876435435
193|627|3|889126972
214|302|3|892668197
151|485|5|879525002
102|322|1|883277645
234|571|-3|892318158
249|930|-3|879640585
195|328|3|884420059
109|258|5|880562908
222|552|-3|878184596
282|288|3|879949367
117|758|-3|881011217
23|381|3|874787350
112|327|-5|884992535
303|145|-5|879543573
252|300|3|891448664
151|372|5|879524819
282|327|5|879949417
304|237|5|884968415
290|568|1|880474716
64|160|3|889739288
28|79|3|881961003
168|1278|1|884287560
265|471|3|875320302
18|113|5|880129628
83|82|5|887665423
90|499|5|891383866
234|1186|3|892335707
87|196|5|879877681
26|685|1|891371676
150|129|3|878746946
161|98|3|891171357
70|210|3|884065854
51|182|1|883498790
222|1057|3|881061370
92|176|5|875652981
204|216|3|892513864
164|685|5|889402160
57|682|1|883696824
184|207|3|889908903
60|403|1|883327087
92|180|5|875653016
43|204|3|883956122
222|1042|3|878184514
197|300|3|891409422
92|790|1|875907618
294|282|1|877821796
201|747|-3|884113635
201|215|-3|884140382
193|410|1|889127633
271|705|3|885849052
214|693|1|891544414
73|657|5|888625422
90|187|3|891383561
315|273|1|879821349
48|309|1|879434132
255|472|-5|883216958
270|671|3|876956360
66|7|1|883601355
6|478|3|883602762
101|222|1|877136243
207|1046|3|875509787
144|182|1|888105743
85|83|3|886282959
102|625|1|883748418
158|770|5|880134477
297|588|3|875238579
90|507|5|891383987
271|482|5|885848519
130|901|-5|884624044
178|276|1|882823978
90|245|1|891382612
181|1094|-5|878963086
311|143|1|884364812
267|17|3|878971773
201|51|-3|884140751
194|647|3|879521531
59|387|1|888206562
1|227|3|876892946
116|751|1|890131577
170|292|5|884103732
110|578|1|886988536
60|1021|5|883326185
287|347|3|888177040
197|55|1|891409982
38|679|5|892432062
195|1014|3|879673925
279|227|3|889326161
84|748|3|883449530
31|886|-3|881547877
316|98|5|880853743
25|25|5|885853415
168|274|3|884287865
103|24|3|880415847
299|588|3|877880852
194|478|1|879521329
287|294|5|875333873
234|582|3|892334883
279|1048|-5|886015533
87|9|3|879877931
181|408|-5|878962550
279|1151|-3|875744584
49|47|5|888068715
296|855|5|884197352
44|95|3|878347569
92|216|1|875653867
135|39|1|879857931
13|66|1|882141485
262|386|1|879795512
7|676|1|891354499
116|942|1|876454090
318|474|3|884495742
141|826|-3|884585437
269|13|3|891446662
222|1044|3|881060578
82|455|3|876311319
279|254|1|879572960
42|685|3|881105972
145|1245|5|875271397
184|161|-3|889909640
49|625|1|888067031
177|243|-5|882142141
313|99|3|891014029
32|290|1|883717913
308|848|3|887736925
145|448|5|877343121
130|542|1|875801778
130|806|1|875217096
165|288|-3|879525673
249|255|1|879571752
49|581|1|888068143
195|300|1|890588925
118|475|5|875384793
130|316|3|888211794
104|293|1|888465166
201|1229|1|884140307
142|82|3|888640356
119|718|5|874774956
303|94|1|879485318
99|50|5|885679998
306|14|5|876503995
92|709|-3|875654590
227|295|5|879035387
3|337|-5|889236983
94|820|-5|891723186
59|1107|3|888206254
30|539|1|885941454
262|821|1|879794887
6|508|1|883599530
311|716|3|884365718
268|364|1|875743979
262|553|3|879795122
214|275|1|891542968
16|56|5|877719863
262|293|-3|879790906
293|132|3|888905481
62|132|5|879375022
94|346|3|891725410
13|59|3|882140425
240|313|5|885775604
102|161|-3|888801876
83|301|-3|891181430
291|7|5|874834481
312|28|3|891698300
31|484|5|881548030
291|70|3|874868146
56|172|5|892737191
109|588|3|880578388
110|1246|-3|886989613
59|429|3|888204597
246|1218|1|884922801
65|196|5|879216637
24|367|-3|875323241
92|115|1|875654125
308|741|3|887739863
301|660|3|882076782
214|1129|3|892668249
158|241|3|880134445
269|674|-3|891451754
308|493|1|887737293
32|151|1|883717850
224|191|3|888082468
215|423|5|891435526
32|1012|3|883717581
154|289|-3|879138345
201|509|1|884111546
85|298|3|880581629
180|68|5|877127721
184|36|1|889910195
188|218|5|875074667
305|11|-5|886323237
144|508|3|888104150
73|94|-5|888625754
194|205|1|879524291
177|203|3|880131026
276|273|3|874786517
198|7|3|884205317
108|290|3|879880076
189|197|5|893265291
73|56|3|888626041
172|462|1|875537717
120|546|-3|889490979
101|471|1|877136535
5|102|1|875721196
26|235|-3|891372429
268|1249|-3|875743793
276|773|1|874792794
13|150|5|882140588
7|401|3|891354257
128|482|3|879967432
104|7|1|888465972
293|39|1|888906804
256|25|5|882150552
90|821|1|891385843
275|69|1|880314089
22|510|5|878887765
312|494|5|891698454
207|192|1|877822350
264|504|5|886122577
137|687|3|881432756
185|740|3|883524475
307|687|-5|879114143
42|176|1|881107178
145|472|1|875271128
189|634|1|893265506
262|121|1|879790536
251|148|-3|886272547
259|772|3|874724882
239|58|5|889179623
312|921|5|891699295
92|15|1|875640189
81|742|-3|876533764
311|419|1|884364931
102|448|1|888803002
249|746|5|879641209
95|527|3|888954440
19|655|1|885412723
79|100|5|891271652
189|751|3|893265046
253|510|5|891628416
201|919|1|884141208
1|17|1|875073198
214|42|5|892668130
7|81|5|891352626
234|132|3|892333865
59|148|1|888203175
13|354|-3|888779458
6|469|5|883601155
82|14|3|876311280
109|627|5|880582133
305|50|5|886321799
195|154|1|888737525
277|279|3|879543592
223|8|-3|891550684
92|81|1|875654929
201|69|-3|884112901
94|58|5|891720540
217|144|3|889069782
244|148|-3|880605071
313|200|1|891017736
181|874|-5|878961749
116|1216|1|876452582
303|433|3|879467985
117|151|3|880126373
221|327|3|875243968
46|307|1|883611430
91|28|3|891439243
151|317|5|879524610
64|176|3|889737567
90|553|-3|891384959
116|271|3|886310197
291|1139|1|874871671
62|111|1|879372670
196|251|1|881251274
303|120|-3|879544099
49|547|5|888066187
307|1022|3|879283008
303|176|5|879467260
286|154|3|877533381
291|501|3|875087100
235|87|3|889655162
254|379|-5|886474650
276|157|5|874790773
135|1208|1|879858003
57|243|1|883696547
276|1157|-3|874795772
7|576|5|892132943
250|404|3|878092144
318|768|-3|884498022
234|808|-3|892335707
289|282|1|876789180
87|1079|-3|879877240
50|823|1|877052784
25|258|5|885853199
18|496|5|880130470
193|790|1|889127381
263|510|3|891298392
209|906|-3|883589546
207|716|1|875508783
314|535|3|877887002
250|338|3|883263374
262|568|1|879794113
95|172|3|879196847
94|470|3|891722006
59|583|5|888205921
277|282|3|879543697
303|1286|3|879467413
271|714|1|885848863
269|235|1|891446756
148|140|-5|877019882
223|977|-3|891550295
210|357|5|887736206
185|199|3|883526268
174|80|-5|886515210
235|480|3|889655044
276|939|1|874790855
99|354|-3|888469332
308|163|3|887737084
303|738|-3|879544276
224|873|-3|888082187
298|252|3|884183833
44|208|3|878347420
315|13|3|879821158
215|197|3|891435357
269|9|3|891446246
42|195|5|881107949
293|79|1|888906045
246|68|5|884922341
101|405|3|877137015
92|665|1|875906853
249|88|3|879572668
60|525|5|883325944
13|331|1|881515457
271|750|3|885844698
92|731|3|875653769
254|188|1|886473672
311|203|5|884365201
263|197|3|891299752
201|660|1|884140927
279|79|1|875296461
138|496|3|879024043
209|251|5|883417810
217|7|3|889069741
261|340|5|890454045
176|258|3|886047026
303|1037|1|879544340
81|169|3|876534751
62|114|3|879373568
72|530|3|880037164
276|364|1|877935377
88|750|-3|891037276
49|7|3|888067307
263|117|1|891299387
9|298|5|886960055
92|528|3|875657681
249|708|3|879572403
262|754|1|879961283
196|655|5|881251793
207|1436|1|878191574
256|771|-3|882164999
276|226|3|874792520
134|313|5|891732150
311|849|1|884365781
181|1383|-5|878962086
203|148|1|880434755
247|736|5|893097024
313|745|1|891016583
311|83|5|884364812
251|1014|5|886272486
227|411|3|879035897
59|550|5|888206605
201|206|-3|884112029
58|100|5|884304553
249|723|3|879641093
286|1316|5|884583549
11|725|1|891905568
7|228|3|891350845
92|846|1|886443471
160|56|5|876770222
103|127|3|880416331
11|110|1|891905324
87|2|3|879876074
45|763|-3|881013563
293|605|1|888907702
291|732|3|874868097
254|575|1|886476165
49|334|3|888065744
222|1284|3|878184422
161|162|-3|891171413
268|1|1|875742341
59|215|5|888204430
177|209|3|880130736
151|1298|3|879528520
299|235|-5|877878184
29|332|3|882820869
30|435|5|885941156
297|182|1|875239125
315|185|3|879821267
23|172|3|874785889
262|47|-3|879794599
321|496|3|879438607
191|754|1|891560366
106|778|3|881453040
7|151|3|891352749
178|678|1|882823530
84|12|5|883452874
94|168|5|891721378
264|33|1|886122644
239|529|5|889179808
90|657|5|891385190
261|875|5|890454351
190|302|5|891033606
112|289|5|884992690
144|106|1|888104684
199|258|3|883782403
224|20|-5|888104487
85|501|1|880838306
301|202|5|882076211
145|743|-5|888398516
294|127|5|877819265
130|206|1|875801695
103|121|1|880415766
152|412|-3|880149328
267|840|3|878970926
286|231|1|877532094
200|24|-3|884127370
5|211|3|875636631
160|117|3|876767822
6|357|3|883602422
158|72|1|880135118
297|736|3|875239975
250|244|3|878089786
57|760|-3|883697617
58|268|5|884304288
23|1006|1|874785809
301|1228|3|882079423
307|265|1|877122816
276|1095|-5|877935135
223|411|-5|891550005
92|24|1|875640448
137|300|5|881432524
164|117|5|889401816
276|38|1|874792574
213|294|1|878870226
286|34|5|877534701
232|197|3|888549563
150|221|3|878747017
21|103|-5|874951245
130|731|1|876251922
222|441|-3|881059920
1|90|3|878542300
189|1005|3|893265971
49|38|-5|888068289
311|5|1|884365853
36|307|3|882157227
128|228|1|879969329
151|89|5|879524491
248|475|5|884535446
95|1229|-3|879198800
213|609|3|878955533
203|181|5|880434278